Initial cluster centers:
264.152924 29.865753 
227.190643 56.442844 
237.980736 29.640188 
244.162064 34.098228 
286.931061 41.751415 
8.503367 74.318443 
243.095764 39.583008 
325.105141 81.252525 
181.027237 -36.282158 
203.256516 63.807667 
257.081223 18.350336 
209.361679 62.138020 
256.176903 43.041012 
246.085205 48.493340 
232.754929 49.240280 

Center-center distances:
0.000000 119.591901 106.603477 58.742945 72.056831 290.907892 77.720618 79.708058 135.050137 196.474994 56.014439 135.691307 58.930216 72.848144 89.392794 
119.591901 0.000000 44.465059 62.289635 90.428493 192.914584 41.936407 139.328351 110.441417 110.098409 141.370626 23.118689 72.866875 53.359473 30.379081 
106.603477 44.465059 0.000000 63.715786 107.097495 185.163803 46.503005 151.528124 66.947952 92.157374 110.784800 41.655311 81.748951 66.017612 43.383401 
58.742945 62.289635 63.715786 0.000000 46.290388 246.268409 21.048575 87.868634 117.367521 155.210867 94.055977 81.142206 19.129507 16.061844 32.002890 
72.056831 90.428493 107.097495 46.290388 0.000000 282.856144 60.624884 49.077390 163.657906 195.625368 123.751252 113.090535 27.264325 41.293504 66.468059 
290.907892 192.914584 185.163803 246.268409 282.856144 0.000000 226.007087 331.169451 175.455517 94.911833 280.140806 169.919732 261.912900 243.139551 217.437944 
77.720618 41.936407 46.503005 21.048575 60.624884 226.007087 0.000000 106.238385 107.038187 136.067034 105.067755 60.100460 36.207653 19.555072 11.689823 
79.708058 139.328351 151.528124 87.868634 49.077390 331.169451 106.238385 0.000000 200.985601 242.305413 135.461770 161.778637 70.061517 88.131589 113.848948 
135.050137 110.441417 66.947952 117.367521 163.657906 175.455517 107.038187 200.985601 0.000000 85.765269 107.929636 100.321173 136.444258 125.690309 107.841794 
196.474994 110.098409 92.157374 155.210867 195.625368 94.911833 136.067034 242.305413 85.765269 0.000000 186.099589 87.697092 172.258220 154.579421 129.157883 
56.014439 141.370626 110.784800 94.055977 123.751252 280.140806 105.067755 135.461770 107.929636 186.099589 0.000000 149.913541 103.659404 110.110362 115.518884 
135.691307 23.118689 41.655311 81.142206 113.090535 169.919732 60.100460 161.778637 100.321173 87.697092 149.913541 0.000000 93.976493 74.589823 49.621200 
58.930216 72.866875 81.748951 19.129507 27.264325 261.912900 36.207653 70.061517 136.444258 172.258220 103.659404 93.976493 0.000000 19.509947 44.653014 
72.848144 53.359473 66.017612 16.061844 41.293504 243.139551 19.555072 88.131589 125.690309 154.579421 110.110362 74.589823 19.509947 0.000000 25.721063 
89.392794 30.379081 43.383401 32.002890 66.468059 217.437944 11.689823 113.848948 107.841794 129.157883 115.518884 49.621200 44.653014 25.721063 0.000000 

Final cluster centers:
303.228537 -17.114078 
212.017107 60.233824 
202.186717 16.869035 
265.009999 27.496200 
302.290316 54.936645 
19.537748 47.282645 
245.187267 34.574464 
350.706990 46.910691 
170.512111 -42.111875 
110.047807 18.713690 
275.778267 -65.941325 
189.209927 56.451453 
281.270588 37.572473 
262.646026 43.383128 
236.930497 42.849590 

Num iterations: 149
Time taken for 15 clusters: 74.778130 seconds
