Initial cluster centers:
264.152924 29.865753 
227.190643 56.442844 
237.980736 29.640188 
244.162064 34.098228 
286.931061 41.751415 

Center-center distances:
0.000000 247.910238 131.307307 37.248516 58.755761 
247.910238 0.000000 152.600666 210.669712 287.479772 
131.307307 152.600666 0.000000 101.993356 149.204476 
37.248516 210.669712 101.993356 0.000000 87.005063 
58.755761 287.479772 149.204476 87.005063 0.000000 

Final cluster centers:
275.607987 37.632002 
27.776138 43.865816 
162.147667 -28.461602 
238.395920 39.279438 
310.189227 -9.869338 

Num iterations: 27
Time taken for 5 clusters: 6.044888 seconds
Initial cluster centers:
264.152924 29.865753 
227.190643 56.442844 
237.980736 29.640188 
244.162064 34.098228 
286.931061 41.751415 
8.503367 74.318443 
243.095764 39.583008 
325.105141 81.252525 
181.027237 -36.282158 
203.256516 63.807667 

Center-center distances:
0.000000 125.720051 106.420943 67.405286 63.990956 289.925318 84.579550 84.881779 130.757543 194.618535 
125.720051 0.000000 42.167081 63.950579 80.791561 185.801166 42.319756 138.087398 107.113905 102.174433 
106.420943 42.167081 0.000000 64.215317 84.362199 185.002195 45.331284 145.077449 66.970329 91.205442 
67.405286 63.950579 64.215317 0.000000 20.147366 244.711409 22.358446 80.910641 119.965369 153.767119 
63.990956 80.791561 84.362199 20.147366 0.000000 263.928324 41.411043 60.789372 138.504731 173.668659 
289.925318 185.801166 185.002195 244.711409 263.928324 0.000000 222.587792 323.360475 177.092409 95.534248 
84.579550 42.319756 45.331284 22.358446 41.411043 222.587792 0.000000 101.796850 107.298132 132.491168 
84.881779 138.087398 145.077449 80.910641 60.789372 323.360475 101.796850 0.000000 195.383872 234.282414 
130.757543 107.113905 66.970329 119.965369 138.504731 177.092409 107.298132 195.383872 0.000000 87.124564 
194.618535 102.174433 91.205442 153.767119 173.668659 95.534248 132.491168 234.282414 87.124564 0.000000 

Final cluster centers:
301.100571 -22.106665 
205.003446 58.954262 
202.081428 16.888545 
263.939014 34.129367 
283.388994 39.384330 
19.575793 47.178902 
241.989933 38.388233 
342.903707 51.767649 
172.015539 -42.953474 
110.903870 19.143655 

Num iterations: 42
Time taken for 10 clusters: 20.556103 seconds
Initial cluster centers:
264.152924 29.865753 
227.190643 56.442844 
237.980736 29.640188 
244.162064 34.098228 
286.931061 41.751415 
8.503367 74.318443 
243.095764 39.583008 
325.105141 81.252525 
181.027237 -36.282158 
203.256516 63.807667 
257.081223 18.350336 
209.361679 62.138020 
256.176903 43.041012 
246.085205 48.493340 
232.754929 49.240280 

Center-center distances:
0.000000 119.591901 106.603477 58.742945 72.056831 290.907892 77.720618 79.708058 135.050137 196.474994 56.014439 135.691307 58.930216 72.848144 89.392794 
119.591901 0.000000 44.465059 62.289635 90.428493 192.914584 41.936407 139.328351 110.441417 110.098409 141.370626 23.118689 72.866875 53.359473 30.379081 
106.603477 44.465059 0.000000 63.715786 107.097495 185.163803 46.503005 151.528124 66.947952 92.157374 110.784800 41.655311 81.748951 66.017612 43.383401 
58.742945 62.289635 63.715786 0.000000 46.290388 246.268409 21.048575 87.868634 117.367521 155.210867 94.055977 81.142206 19.129507 16.061844 32.002890 
72.056831 90.428493 107.097495 46.290388 0.000000 282.856144 60.624884 49.077390 163.657906 195.625368 123.751252 113.090535 27.264325 41.293504 66.468059 
290.907892 192.914584 185.163803 246.268409 282.856144 0.000000 226.007087 331.169451 175.455517 94.911833 280.140806 169.919732 261.912900 243.139551 217.437944 
77.720618 41.936407 46.503005 21.048575 60.624884 226.007087 0.000000 106.238385 107.038187 136.067034 105.067755 60.100460 36.207653 19.555072 11.689823 
79.708058 139.328351 151.528124 87.868634 49.077390 331.169451 106.238385 0.000000 200.985601 242.305413 135.461770 161.778637 70.061517 88.131589 113.848948 
135.050137 110.441417 66.947952 117.367521 163.657906 175.455517 107.038187 200.985601 0.000000 85.765269 107.929636 100.321173 136.444258 125.690309 107.841794 
196.474994 110.098409 92.157374 155.210867 195.625368 94.911833 136.067034 242.305413 85.765269 0.000000 186.099589 87.697092 172.258220 154.579421 129.157883 
56.014439 141.370626 110.784800 94.055977 123.751252 280.140806 105.067755 135.461770 107.929636 186.099589 0.000000 149.913541 103.659404 110.110362 115.518884 
135.691307 23.118689 41.655311 81.142206 113.090535 169.919732 60.100460 161.778637 100.321173 87.697092 149.913541 0.000000 93.976493 74.589823 49.621200 
58.930216 72.866875 81.748951 19.129507 27.264325 261.912900 36.207653 70.061517 136.444258 172.258220 103.659404 93.976493 0.000000 19.509947 44.653014 
72.848144 53.359473 66.017612 16.061844 41.293504 243.139551 19.555072 88.131589 125.690309 154.579421 110.110362 74.589823 19.509947 0.000000 25.721063 
89.392794 30.379081 43.383401 32.002890 66.468059 217.437944 11.689823 113.848948 107.841794 129.157883 115.518884 49.621200 44.653014 25.721063 0.000000 

Final cluster centers:
303.228537 -17.114078 
212.017107 60.233824 
202.186717 16.869035 
265.009999 27.496200 
302.290316 54.936645 
19.537748 47.282645 
245.187267 34.574464 
350.706990 46.910691 
170.512111 -42.111875 
110.047807 18.713690 
275.778267 -65.941325 
189.209927 56.451453 
281.270588 37.572473 
262.646026 43.383128 
236.930497 42.849590 

Num iterations: 149
Time taken for 15 clusters: 57.894389 seconds
Initial cluster centers:
264.152924 29.865753 
227.190643 56.442844 
237.980736 29.640188 
244.162064 34.098228 
286.931061 41.751415 
8.503367 74.318443 
243.095764 39.583008 
325.105141 81.252525 
181.027237 -36.282158 
203.256516 63.807667 
257.081223 18.350336 
209.361679 62.138020 
256.176903 43.041012 
246.085205 48.493340 
232.754929 49.240280 
167.007034 -42.464169 
101.669876 74.069206 
277.097267 35.335228 
8.107152 54.852158 
238.472755 35.270226 
309.348045 73.067261 
214.879288 61.276272 
279.512611 38.031815 
264.714043 18.628237 
271.405266 33.631851 

Center-center distances:
0.000000 57.801083 85.354414 33.807511 36.610219 257.800309 48.511284 73.088641 128.029762 106.968647 33.788461 91.818250 37.364281 63.283400 49.706054 243.718518 171.046434 45.139514 280.077402 48.628092 75.147442 64.891738 31.543010 99.577793 26.685540 
57.801083 0.000000 40.732865 24.740029 60.597636 204.155026 23.402088 115.670695 104.064877 49.434012 91.194967 34.429293 33.233456 65.126276 8.585916 203.225023 120.288724 93.861262 227.760935 11.877267 99.062642 10.362571 44.926880 114.871398 36.411637 
85.354414 40.732865 0.000000 59.666464 99.014202 172.997530 64.065412 152.505693 66.663655 40.884777 114.506699 44.561919 72.432363 105.857474 43.206322 163.246087 85.724910 107.264097 194.808932 51.711237 139.170855 45.551923 83.095600 100.130866 72.289793 
33.807511 24.740029 59.666464 0.000000 39.638846 228.240149 18.349891 92.990676 115.399359 74.156860 67.569552 58.118910 15.750221 53.118001 17.697636 222.652355 143.261752 74.039496 251.480748 14.822503 81.115880 31.090263 23.893298 109.268831 12.647487 
36.610219 60.597636 99.014202 39.638846 0.000000 263.857942 39.321402 55.420321 153.817777 106.838521 59.334594 87.728791 27.390787 28.310661 55.973224 262.192924 180.875549 79.462905 287.911902 48.720713 42.339815 62.117592 15.923109 135.379082 27.453293 
257.800309 204.155026 172.997530 228.240149 263.857942 0.000000 224.591656 319.277932 167.118478 157.416019 287.464330 177.421458 236.681389 259.189217 210.545415 92.967164 88.113368 277.735957 26.832285 215.832307 297.232750 201.750926 248.712480 243.159442 240.463881 
48.511284 23.402088 64.065412 18.349891 39.321402 224.591656 0.000000 94.718386 125.813082 67.526834 81.835641 48.706250 13.131350 41.937583 22.510122 226.566989 142.405079 91.347985 248.782992 12.883457 75.850378 22.853452 24.995730 126.725284 22.004571 
73.088641 115.670695 152.505693 92.990676 55.420321 319.277932 94.718386 0.000000 201.045460 162.187073 67.631782 142.831421 82.674075 67.570690 110.309674 314.682034 235.883212 95.393121 343.281017 103.823276 36.318371 117.535685 70.758331 165.530620 80.347143 
128.029762 104.064877 66.663655 115.399359 153.817777 167.118478 125.813082 201.045460 0.000000 99.834963 146.012276 109.933682 130.700926 167.277213 103.317004 121.980250 86.733820 126.668673 181.779299 112.933487 196.062236 110.986914 138.853027 76.532541 126.573924 
106.968647 49.434012 40.884777 74.156860 106.838521 157.416019 67.526834 162.187073 99.834963 0.000000 139.906874 20.410826 80.073935 102.533066 57.269062 170.426065 79.178838 139.077780 182.091019 60.225088 140.200586 44.908883 92.178929 140.914775 85.391889 
33.788461 91.194967 114.506699 67.569552 59.334594 287.464330 81.835641 67.631782 146.012276 139.906874 0.000000 125.430310 69.880856 87.568989 82.887426 266.078247 199.793043 27.763596 308.803583 82.391601 85.336000 98.627316 61.490866 99.022291 59.831582 
91.818250 34.429293 44.561919 58.118910 87.728791 177.421458 48.706250 142.831421 109.933682 20.410826 125.430310 0.000000 61.653052 82.161633 42.966945 189.680480 99.399982 127.904323 202.296093 43.439096 119.934973 27.207657 73.675724 139.933959 68.227767 
37.364281 33.233456 72.432363 15.750221 27.390787 236.681389 13.131350 82.674075 130.700926 80.073935 69.880856 61.653052 0.000000 37.368248 29.234145 235.653893 153.489555 81.695081 260.607003 21.366697 66.838152 35.167383 12.105025 123.711418 11.013613 
63.283400 65.126276 105.857474 53.118001 28.310661 259.189217 41.937583 67.570690 167.277213 102.533066 87.568989 82.161633 37.368248 0.000000 64.138415 267.517525 180.740874 107.396572 284.332973 54.709657 38.234764 61.977556 33.645968 159.072914 44.950316 
49.706054 8.585916 43.206322 17.697636 55.973224 210.545415 22.510122 110.309674 103.317004 57.269062 82.887426 42.966945 29.234145 64.138415 0.000000 206.446252 125.689481 85.290508 233.797284 9.672454 96.038628 18.199846 40.059431 108.653271 30.116381 
243.718518 203.225023 163.246087 222.652355 262.192924 92.967164 226.566989 314.682034 121.980250 170.426065 266.078247 189.680480 235.653893 267.517525 206.446252 0.000000 94.281224 248.376834 89.196326 214.691029 302.245153 205.550442 246.291769 193.975172 235.168960 
171.046434 120.288724 85.724910 143.261752 180.875549 88.113368 142.405079 235.883212 86.733820 79.178838 199.793043 99.399982 153.489555 180.740874 125.689481 94.281224 0.000000 189.627329 109.100339 132.164549 217.628207 119.841908 165.199928 159.386319 155.799198 
45.139514 93.861262 107.264097 74.039496 79.462905 277.735957 91.347985 95.393121 126.668673 139.077780 27.763596 127.904323 81.695081 107.396572 85.290508 248.376834 189.627329 0.000000 297.565459 87.916808 111.125705 103.029496 76.674782 72.194834 70.700026 
280.077402 227.760935 194.808932 251.480748 287.911902 26.832285 248.782992 343.281017 181.779299 182.091019 308.803583 202.296093 260.607003 284.332973 233.797284 89.196326 109.100339 297.565459 0.000000 239.543161 322.229850 225.933388 272.560005 258.310173 263.861975 
48.628092 11.877267 51.711237 14.822503 48.720713 215.832307 12.883457 103.823276 112.933487 60.225088 82.391601 43.439096 21.366697 54.709657 9.672454 214.691029 132.164549 87.916808 239.543161 0.000000 87.557743 16.298502 33.067660 116.636734 25.167570 
75.147442 99.062642 139.170855 81.115880 42.339815 297.232750 75.850378 36.318371 196.062236 140.200586 85.336000 119.934973 66.838152 38.234764 96.038628 302.245153 217.628207 111.125705 322.229850 87.557743 0.000000 97.887153 57.312811 174.552494 69.499465 
64.891738 10.362571 45.551923 31.090263 62.117592 201.750926 22.853452 117.535685 110.986914 44.908883 98.627316 27.207657 35.167383 61.977556 18.199846 205.550442 119.841908 103.029496 225.933388 16.298502 97.887153 0.000000 47.272236 125.099887 41.051023 
31.543010 44.926880 83.095600 23.893298 15.923109 248.712480 24.995730 70.758331 138.853027 92.178929 61.490866 73.675724 12.105025 33.645968 40.059431 246.291769 165.199928 76.674782 272.560005 33.067660 57.312811 47.272236 0.000000 125.456864 12.398964 
99.577793 114.871398 100.130866 109.268831 135.379082 243.159442 126.725284 165.530620 76.532541 140.914775 99.022291 139.933959 123.711418 159.072914 108.653271 193.975172 159.386319 72.194834 258.310173 116.636734 174.552494 125.099887 125.456864 0.000000 114.396658 
26.685540 36.411637 72.289793 12.647487 27.453293 240.463881 22.004571 80.347143 126.573924 85.391889 59.831582 68.227767 11.013613 44.950316 30.116381 235.168960 155.799198 70.700026 263.861975 25.167570 69.499465 41.051023 12.398964 114.396658 0.000000 

Final cluster centers:
287.327445 8.511519 
237.450996 37.722903 
202.394343 16.981703 
260.752268 29.409072 
297.762666 43.603032 
34.288560 57.830096 
258.648836 47.638007 
353.090605 40.404407 
169.183555 -40.820430 
191.698465 56.442609 
312.678815 -13.826076 
211.688961 60.563519 
270.428928 41.836128 
293.115476 71.529671 
243.156703 31.307074 
47.382537 -34.210337 
117.491700 28.826592 
295.754061 -35.834483 
9.867563 46.713153 
249.279809 38.794660 
331.293902 69.454842 
235.797551 47.952712 
282.336220 39.657131 
236.546455 -77.144934 
273.272879 31.196033 

Num iterations: 296
Time taken for 25 clusters: 266.198318 seconds
